3 dims
58 elems
9 elems
7 elems
89.95	88.49	86.03	83.57	80.78	77.98	74.73	71.47	66.63	61.79	57.15	52.51	46.93	41.35	36.37	31.39	27.35	23.31	20.46	17.61	15.42	13.22	11.22	9.21	7.83	6.44	5.55	4.66	3.86	3.06	2.51	1.96	1.50	1.03	0.81	0.59	0.39	0.18	0.09	0.00	0.00	0.00	0.00	0.00	0.00	0.00	0.00	0.00	0.00	0.00	0.00	0.00	0.31	0.61	0.90	1.19	1.48	1.76	
152.90	149.97	146.61	142.19	138.82	134.15	127.34	118.42	109.48	98.80	87.62	75.57	64.30	52.25	41.41	32.83	25.77	19.28	15.15	11.44	8.77	6.65	5.01	3.90	2.95	2.09	1.46	0.96	0.67	0.30	0.21	0.00	0.00	0.00	0.00	0.00	0.00	0.00	0.00	0.00	0.00	0.00	0.00	0.00	0.20	0.36	1.11	1.43	1.91	2.56	3.11	3.72	4.10	4.49	5.51	5.76	5.86	6.23	
182.58	179.56	174.48	169.66	164.25	153.03	142.42	129.96	114.09	99.14	82.07	66.06	51.54	40.11	30.14	23.49	18.06	13.59	10.47	8.04	5.75	4.39	3.42	2.21	1.60	0.94	0.77	0.36	0.00	0.00	0.00	0.00	0.00	0.00	0.00	0.00	0.00	0.00	0.00	0.10	0.44	0.98	1.64	2.84	4.27	5.52	7.24	9.02	10.14	11.75	13.17	14.63	15.66	16.67	17.57	17.94	16.56	16.02	
203.72	200.89	198.84	194.42	190.52	185.63	176.38	163.63	145.51	126.47	102.29	80.49	61.42	45.61	33.91	24.98	18.06	13.38	9.67	6.91	4.96	3.57	2.61	1.86	1.29	0.72	0.35	0.12	0.00	0.00	0.00	0.00	0.00	0.00	0.00	0.00	0.00	0.00	0.18	0.89	1.96	3.61	6.33	10.04	14.48	19.47	23.44	27.37	30.35	32.94	34.53	34.87	34.69	33.56	31.74	28.87	26.73	23.62	
206.78	207.20	206.45	205.62	206.03	202.47	195.94	186.08	166.83	146.08	121.04	95.49	71.24	53.49	38.67	27.85	19.35	13.33	9.45	6.81	4.98	3.70	2.78	1.79	1.39	0.87	0.47	0.08	0.00	0.00	0.00	0.00	0.00	0.00	0.00	0.00	0.00	0.18	1.40	3.55	7.19	13.16	20.72	29.63	38.21	47.01	55.85	62.27	65.13	66.00	66.15	63.28	59.97	53.46	47.69	40.65	35.72	29.64	
205.29	203.80	204.68	205.46	204.94	202.81	199.67	193.29	179.57	157.35	129.00	100.89	71.07	47.91	32.81	22.44	15.38	10.75	7.82	5.38	3.48	2.66	1.85	1.44	1.02	0.80	0.52	0.50	0.29	0.15	0.00	0.00	0.00	0.00	0.00	0.00	0.00	0.00	0.92	2.80	6.67	12.21	21.10	30.78	41.30	50.79	59.57	66.35	72.80	76.50	78.51	77.45	73.57	66.48	58.97	51.01	42.26	32.94	
189.61	188.05	189.10	192.33	194.32	195.05	197.43	195.13	189.14	168.93	141.89	108.95	76.87	51.30	34.66	23.94	16.21	11.37	8.13	5.87	4.30	3.28	2.35	1.91	1.36	1.05	0.79	0.53	0.36	0.11	0.00	0.00	0.00	0.00	0.00	0.00	0.00	0.09	1.21	3.36	7.16	13.35	23.54	35.31	47.50	60.42	71.00	80.03	86.93	90.83	92.78	91.10	82.94	74.07	64.96	52.10	41.69	31.50	
175.27	173.07	171.87	173.14	172.94	175.47	185.45	190.40	184.34	162.78	132.18	100.01	66.69	43.59	29.09	19.52	13.40	9.08	6.31	4.52	3.41	2.51	1.97	1.59	1.26	1.15	0.90	0.63	0.44	0.25	0.00	0.00	0.00	0.00	0.00	0.00	0.00	0.00	1.10	4.42	10.30	21.14	36.77	52.58	66.21	81.34	95.79	110.00	115.05	118.83	117.05	108.36	95.14	77.99	61.30	44.73	32.33	22.07	
144.47	140.80	138.00	140.48	138.88	143.90	155.37	171.76	170.30	147.64	116.68	84.86	57.56	38.07	25.96	16.64	11.40	7.93	5.56	4.00	3.07	2.45	1.90	1.53	1.26	1.06	0.77	0.53	0.30	0.00	0.00	0.00	0.00	0.00	0.00	0.00	0.00	0.00	1.64	5.60	14.25	26.94	44.17	61.57	74.59	85.80	97.02	105.32	112.41	109.25	101.81	92.47	76.23	58.38	43.15	27.55	17.97	10.90	

10.15	11.02	11.97	12.91	13.99	15.07	16.39	17.71	19.17	20.62	22.14	23.65	25.17	26.69	27.44	28.18	28.74	29.30	29.64	29.98	29.14	28.30	27.03	25.75	24.45	23.15	21.16	19.17	17.78	16.39	15.40	14.40	13.03	11.65	10.45	9.24	8.50	7.75	6.88	6.00	5.51	5.02	4.67	4.31	3.68	3.05	2.86	2.67	2.52	2.36	2.35	2.34	2.52	2.70	2.94	3.18	3.12	3.05	
11.32	13.60	15.80	18.87	22.80	27.96	32.70	39.14	45.88	53.68	61.21	66.82	73.39	79.49	85.14	90.91	93.51	93.98	96.79	96.39	95.44	93.07	88.21	82.40	74.97	67.25	58.49	49.94	41.39	33.59	26.70	21.10	17.01	13.49	11.21	9.11	7.72	6.07	4.90	3.79	3.38	2.81	2.39	1.99	1.86	1.60	0.83	0.78	0.79	0.62	0.55	0.56	0.80	0.61	0.82	0.93	0.81	0.71	
10.81	14.09	17.93	23.65	30.74	39.38	47.35	60.76	72.27	86.02	97.64	108.51	117.46	125.29	130.68	132.49	133.96	135.34	133.37	129.16	125.19	118.07	108.66	98.18	85.99	71.75	59.52	47.19	37.07	28.11	20.68	15.27	11.29	7.89	5.86	3.99	2.71	1.74	1.03	0.45	0.04	0.00	0.00	0.00	0.00	0.00	0.00	0.00	0.00	0.00	0.04	0.26	0.35	0.62	0.60	1.06	1.05	1.33	
6.63	8.96	11.74	16.39	22.69	31.61	43.69	56.91	74.36	92.80	110.66	127.40	140.86	149.38	154.61	157.62	158.82	158.02	154.94	152.28	145.29	136.56	122.96	106.76	88.06	70.23	52.16	37.65	27.26	19.02	13.62	9.77	6.84	4.67	3.46	2.30	1.63	0.82	0.51	0.22	0.21	0.00	0.00	0.00	0.00	0.08	0.19	0.28	0.25	0.42	0.48	0.42	0.67	0.57	0.56	0.61	0.61	0.57	
8.44	11.49	15.51	22.01	31.54	44.70	63.77	84.60	112.31	134.58	154.26	169.27	178.57	184.72	186.94	187.67	188.26	186.77	182.02	175.11	165.44	149.66	132.07	109.38	84.08	61.04	41.40	29.04	19.92	13.31	9.17	6.56	4.84	3.25	2.18	1.65	1.24	1.00	0.56	0.29	0.16	0.05	0.00	0.16	0.21	0.18	0.36	0.33	0.44	0.37	0.34	0.25	0.14	0.11	0.05	0.09	0.00	0.00	
4.79	6.26	8.24	11.55	17.17	24.98	36.96	55.26	81.25	116.73	146.05	168.00	185.74	194.32	197.41	201.89	204.27	204.08	201.50	196.51	187.66	174.12	155.42	134.85	107.47	78.36	54.71	36.98	23.52	16.23	10.72	7.26	5.05	3.63	2.52	1.84	1.65	1.20	0.93	0.53	0.39	0.33	0.32	0.45	0.48	0.59	0.62	0.72	0.75	0.76	0.65	0.51	0.36	0.29	0.13	0.00	0.00	0.00	
4.97	6.34	8.80	12.25	17.50	27.17	40.19	60.67	89.24	121.74	152.95	179.52	196.73	202.93	204.88	208.84	209.89	206.48	201.92	195.59	184.68	165.73	147.51	126.04	99.26	72.45	51.37	33.58	21.36	14.31	9.27	6.23	4.13	2.94	2.10	1.49	1.07	0.62	0.49	0.09	0.00	0.00	0.00	0.00	0.00	0.23	0.33	0.31	0.27	0.31	0.05	0.07	0.03	0.00	0.00	0.00	0.00	0.00	
4.26	5.68	7.41	11.10	15.93	24.82	40.12	64.65	98.48	130.98	160.06	187.01	196.25	196.51	201.83	206.50	205.82	198.89	189.77	177.04	152.98	133.37	116.49	96.76	73.79	53.52	34.64	21.77	14.71	9.61	6.11	4.09	2.70	1.90	1.41	1.22	0.94	0.60	0.23	0.10	0.06	0.00	0.22	0.31	0.40	0.27	0.38	0.38	0.27	0.10	0.00	0.00	0.00	0.00	0.00	0.00	0.00	0.00	
3.75	4.72	6.82	10.21	14.23	23.16	36.66	66.55	103.73	133.83	157.53	181.91	186.30	188.24	197.19	200.17	195.20	185.94	174.24	148.23	121.62	107.85	91.74	73.91	52.61	34.03	22.00	14.60	9.27	5.63	3.73	2.36	1.50	1.16	1.04	0.73	0.31	0.00	0.00	0.00	0.00	0.00	0.00	0.07	0.05	0.04	0.00	0.00	0.00	0.00	0.00	0.00	0.00	0.00	0.00	1.13	4.07	5.46	

20.76	19.59	18.00	16.41	14.56	12.70	10.80	8.90	7.81	6.72	6.33	5.93	5.65	5.37	5.21	5.04	5.25	5.45	5.60	5.74	5.96	6.17	6.07	5.96	6.23	6.49	6.97	7.44	7.63	7.82	8.69	9.56	10.73	11.90	11.99	12.07	13.32	14.57	14.65	14.72	16.28	17.84	19.28	20.72	21.68	22.64	22.75	22.86	23.30	23.73	24.63	25.53	25.38	25.23	25.37	25.51	25.48	25.45	
56.33	49.38	42.19	35.83	27.67	21.81	15.42	11.17	8.00	5.30	3.54	2.65	1.82	1.08	0.55	0.56	0.15	0.10	0.10	0.00	0.00	0.00	0.00	0.00	0.00	0.00	0.13	0.68	1.37	2.94	4.21	6.18	8.64	12.75	16.53	20.92	26.85	32.00	37.98	43.13	48.35	52.83	56.96	58.90	60.82	63.01	62.05	60.94	58.77	54.82	50.97	47.36	44.12	40.96	37.65	33.96	31.02	28.51	
79.95	66.59	52.90	39.17	28.35	19.95	14.12	9.31	6.42	4.59	3.30	2.33	1.48	1.17	0.79	0.68	0.21	0.16	0.30	0.33	0.23	0.10	0.10	0.08	0.23	0.45	0.61	1.33	2.08	3.73	6.27	10.25	15.02	21.65	31.01	39.92	49.62	58.35	66.54	72.42	78.05	82.18	83.29	83.64	79.94	74.70	69.98	63.57	56.36	52.46	46.92	41.57	37.44	33.40	29.91	26.05	23.55	21.47	
123.64	107.03	85.92	65.06	45.99	30.89	20.32	14.04	9.27	5.57	3.94	2.72	1.98	1.68	1.17	0.78	0.53	0.49	0.51	0.45	0.18	0.09	0.00	0.10	0.00	0.10	0.53	1.25	3.08	6.22	11.28	20.04	31.13	43.05	58.42	72.28	84.85	95.34	100.40	103.01	103.28	99.33	92.89	84.34	74.99	66.19	57.99	49.90	42.44	37.77	32.32	28.38	23.53	20.74	17.64	14.89	13.01	11.84	
132.86	104.30	77.85	51.56	34.21	20.47	12.53	7.79	5.46	3.60	2.40	1.48	1.36	0.80	0.79	0.42	0.15	0.00	0.00	0.00	0.00	0.00	0.00	0.00	0.00	0.00	0.47	2.38	6.25	14.36	26.00	43.68	65.81	87.82	109.61	126.16	138.51	144.83	148.49	146.78	139.10	126.42	109.34	91.70	74.78	60.68	46.76	38.56	32.71	26.58	22.59	18.84	15.62	12.74	10.27	8.84	6.86	5.88	
187.36	162.37	129.46	90.59	52.52	29.62	16.01	8.02	4.81	2.82	2.05	1.65	1.23	1.37	1.24	1.05	0.79	0.81	0.69	0.45	0.40	0.07	0.00	0.00	0.00	0.00	0.00	0.22	2.52	7.62	18.37	37.85	68.60	97.52	127.15	147.21	161.38	167.91	168.38	163.50	152.11	134.81	114.09	89.45	66.49	48.40	35.59	28.40	22.22	17.88	14.49	12.50	9.93	7.96	6.67	5.36	3.91	3.08	
180.37	152.93	117.88	81.13	46.48	25.19	13.32	7.17	4.18	2.57	1.83	1.34	1.41	1.37	1.26	1.26	1.21	0.71	0.47	0.43	0.42	0.17	0.00	0.00	0.00	0.00	0.00	0.50	3.32	9.26	20.79	38.94	65.02	97.27	116.68	131.58	140.58	143.46	144.75	137.04	125.12	107.25	86.24	63.84	45.56	32.30	23.39	18.31	14.39	11.84	9.32	7.22	5.79	4.43	3.39	2.46	1.88	0.91	
192.96	162.84	122.00	86.26	46.78	25.05	13.42	6.63	3.97	2.45	1.81	1.62	1.59	1.54	1.37	1.25	1.36	1.18	0.82	0.72	0.56	0.33	0.00	0.00	0.00	0.00	0.68	3.14	9.10	19.53	38.27	63.63	91.17	121.61	138.35	150.29	156.31	153.06	141.71	123.91	106.12	85.25	59.81	43.67	30.55	20.83	15.15	10.51	7.30	5.37	3.88	2.42	1.78	0.90	0.64	0.30	0.00	0.00	
189.98	154.33	113.00	77.94	41.68	23.13	11.54	5.33	3.21	2.17	1.54	1.18	1.27	1.32	1.35	1.40	1.18	0.78	0.58	0.25	0.09	0.13	0.00	0.00	0.00	0.13	1.40	5.64	14.12	30.01	55.20	80.26	104.97	124.30	138.59	147.01	144.34	131.12	111.95	95.84	75.97	56.42	40.86	27.44	17.70	11.75	7.43	4.85	3.38	2.05	1.01	0.27	0.03	0.00	0.00	0.00	0.00	0.00	

3.22	3.50	2.66	1.82	2.58	3.34	3.82	4.29	4.17	4.04	4.15	4.26	4.72	5.17	6.51	7.84	8.79	9.73	11.77	13.80	16.56	19.32	23.28	27.23	31.68	36.12	40.63	45.14	48.68	52.21	51.43	50.64	49.71	48.77	48.88	48.99	44.29	39.59	36.42	33.25	29.07	24.88	22.91	20.94	17.84	14.73	14.28	13.83	13.60	13.37	14.19	15.00	15.69	16.38	15.76	15.13	14.51	13.89	
1.55	1.07	0.80	1.36	1.26	1.35	1.43	1.53	1.32	1.48	1.51	1.65	1.92	2.60	3.47	3.36	4.59	6.30	9.27	11.13	15.94	21.39	28.85	36.50	44.72	52.89	61.11	66.39	73.02	74.84	75.68	75.80	75.38	73.15	67.84	62.52	56.67	50.14	42.52	35.19	29.06	23.32	18.39	14.31	12.17	8.79	7.59	6.06	5.00	4.67	3.81	3.41	3.37	3.33	2.98	3.30	2.87	2.35	
0.00	0.00	0.00	0.00	0.00	0.00	0.00	0.00	0.00	0.00	0.00	0.00	0.09	0.13	0.91	2.26	3.33	5.24	10.18	16.65	25.35	36.73	50.56	64.09	79.30	94.13	104.34	115.05	116.98	119.05	118.25	113.88	103.37	93.32	81.73	68.93	55.32	45.06	36.86	28.05	21.09	16.51	12.42	9.41	7.40	5.87	4.88	3.40	3.08	2.75	2.41	1.63	1.58	1.84	1.29	1.11	0.85	0.80	
0.42	0.00	0.00	0.00	0.05	0.00	0.37	0.47	0.31	0.00	0.24	0.00	0.00	0.30	1.03	1.92	3.57	6.13	9.87	15.95	27.04	40.31	56.78	76.06	98.36	119.34	136.74	150.53	156.56	158.18	155.07	147.33	134.69	117.21	98.05	78.40	59.41	44.31	33.44	25.91	19.56	14.78	10.23	8.37	6.20	5.17	4.34	3.70	2.92	2.80	2.29	2.25	1.81	1.70	1.56	1.44	1.17	0.94	
0.31	0.00	0.00	0.00	0.00	0.49	0.81	0.93	0.37	0.61	0.00	0.20	1.01	2.04	3.30	4.87	6.60	11.18	18.73	30.42	46.85	68.56	94.78	125.53	154.71	175.74	188.90	194.88	193.84	187.20	174.77	157.15	133.99	109.52	85.03	64.30	48.76	36.52	26.97	19.61	15.28	12.10	9.29	7.67	6.90	6.21	5.89	5.45	4.73	4.62	3.59	3.73	2.99	2.67	2.31	1.81	1.62	1.23	
0.00	0.00	0.00	0.00	0.21	0.79	0.84	0.86	0.36	0.00	0.00	0.00	0.73	1.97	2.98	3.51	4.98	8.65	15.95	27.80	42.33	62.65	88.71	123.99	157.78	182.54	198.49	203.89	207.41	203.39	196.02	179.64	155.10	123.20	92.81	67.07	48.96	35.44	27.26	19.67	15.15	12.00	9.51	7.83	6.88	6.26	5.66	5.04	4.40	3.52	3.15	2.53	2.09	1.48	1.28	1.22	0.56	0.37	
0.00	0.00	0.00	0.02	1.07	1.26	0.96	0.89	0.25	0.00	0.00	0.00	0.68	1.91	3.05	3.73	5.50	9.91	19.61	30.83	45.88	64.25	90.68	125.30	154.92	177.75	193.04	201.32	201.71	197.51	187.09	167.51	141.28	114.90	87.97	60.74	43.75	33.21	24.03	17.09	13.40	9.66	7.65	6.54	5.94	5.48	4.97	4.39	3.67	2.90	2.29	2.25	1.75	1.56	1.50	0.80	0.53	0.46	
0.00	0.00	0.00	0.00	1.39	1.58	1.24	0.25	0.00	0.00	0.00	0.00	1.94	3.13	3.70	4.45	6.64	13.86	27.01	41.10	55.00	70.75	98.60	133.16	162.55	185.44	196.15	193.41	187.88	182.40	164.75	141.47	113.20	84.89	58.57	43.77	31.90	22.62	16.36	11.79	8.57	6.75	5.84	5.43	4.72	4.21	3.73	2.41	1.69	1.14	0.71	0.45	0.15	0.20	0.00	0.00	0.00	0.00	
0.00	0.00	0.00	0.00	1.71	2.39	1.41	0.35	0.02	0.00	0.00	0.08	2.96	4.11	4.05	4.11	8.64	21.27	37.54	51.17	67.78	85.67	112.99	140.42	165.30	185.06	178.62	168.06	167.11	155.82	135.73	110.03	84.12	59.23	43.29	32.12	23.92	16.59	11.30	7.59	5.51	4.98	4.99	4.25	3.29	2.59	1.75	1.18	0.80	0.00	0.49	0.30	0.43	0.00	0.00	0.00	0.17	0.00	

42.23	39.75	37.41	35.21	33.14	31.20	29.36	27.64	26.01	24.48	23.04	21.69	20.41	19.21	18.09	17.02	16.02	15.08	14.19	13.36	12.57	11.84	11.14	10.49	9.87	9.29	8.74	8.23	7.75	7.29	6.86	6.46	6.08	5.72	5.39	5.07	4.77	4.49	4.23	3.98	3.74	3.52	3.32	3.12	2.94	2.77	2.60	2.45	2.31	2.17	2.04	1.92	1.81	1.70	1.60	1.51	1.42	1.34	
42.23	39.75	37.41	35.21	33.14	31.20	29.36	27.64	26.01	24.48	23.04	21.69	20.41	19.21	18.09	17.02	16.02	15.08	14.19	13.36	12.57	11.84	11.14	10.49	9.87	9.29	8.74	8.23	7.75	7.29	6.86	6.46	6.08	5.72	5.39	5.07	4.77	4.49	4.23	3.98	3.74	3.52	3.32	3.12	2.94	2.77	2.60	2.45	2.31	2.17	2.04	1.92	1.81	1.70	1.60	1.51	1.42	1.34	
42.23	39.75	37.41	35.21	33.14	31.20	29.36	27.64	26.01	24.48	23.04	21.69	20.41	19.21	18.09	17.02	16.02	15.08	14.19	13.36	12.57	11.84	11.14	10.49	9.87	9.29	8.74	8.23	7.75	7.29	6.86	6.46	6.08	5.72	5.39	5.07	4.77	4.49	4.23	3.98	3.74	3.52	3.32	3.12	2.94	2.77	2.60	2.45	2.31	2.17	2.04	1.92	1.81	1.70	1.60	1.51	1.42	1.34	
42.23	39.75	37.41	35.21	33.14	31.20	29.36	27.64	26.01	24.48	23.04	21.69	20.41	19.21	18.09	17.02	16.02	15.08	14.19	13.36	12.57	11.84	11.14	10.49	9.87	9.29	8.74	8.23	7.75	7.29	6.86	6.46	6.08	5.72	5.39	5.07	4.77	4.49	4.23	3.98	3.74	3.52	3.32	3.12	2.94	2.77	2.60	2.45	2.31	2.17	2.04	1.92	1.81	1.70	1.60	1.51	1.42	1.34	
42.23	39.75	37.41	35.21	33.14	31.20	29.36	27.64	26.01	24.48	23.04	21.69	20.41	19.21	18.09	17.02	16.02	15.08	14.19	13.36	12.57	11.84	11.14	10.49	9.87	9.29	8.74	8.23	7.75	7.29	6.86	6.46	6.08	5.72	5.39	5.07	4.77	4.49	4.23	3.98	3.74	3.52	3.32	3.12	2.94	2.77	2.60	2.45	2.31	2.17	2.04	1.92	1.81	1.70	1.60	1.51	1.42	1.34	
42.23	39.75	37.41	35.21	33.14	31.20	29.36	27.64	26.01	24.48	23.04	21.69	20.41	19.21	18.09	17.02	16.02	15.08	14.19	13.36	12.57	11.84	11.14	10.49	9.87	9.29	8.74	8.23	7.75	7.29	6.86	6.46	6.08	5.72	5.39	5.07	4.77	4.49	4.23	3.98	3.74	3.52	3.32	3.12	2.94	2.77	2.60	2.45	2.31	2.17	2.04	1.92	1.81	1.70	1.60	1.51	1.42	1.34	
42.23	39.75	37.41	35.21	33.14	31.20	29.36	27.64	26.01	24.48	23.04	21.69	20.41	19.21	18.09	17.02	16.02	15.08	14.19	13.36	12.57	11.84	11.14	10.49	9.87	9.29	8.74	8.23	7.75	7.29	6.86	6.46	6.08	5.72	5.39	5.07	4.77	4.49	4.23	3.98	3.74	3.52	3.32	3.12	2.94	2.77	2.60	2.45	2.31	2.17	2.04	1.92	1.81	1.70	1.60	1.51	1.42	1.34	
42.23	39.75	37.41	35.21	33.14	31.20	29.36	27.64	26.01	24.48	23.04	21.69	20.41	19.21	18.09	17.02	16.02	15.08	14.19	13.36	12.57	11.84	11.14	10.49	9.87	9.29	8.74	8.23	7.75	7.29	6.86	6.46	6.08	5.72	5.39	5.07	4.77	4.49	4.23	3.98	3.74	3.52	3.32	3.12	2.94	2.77	2.60	2.45	2.31	2.17	2.04	1.92	1.81	1.70	1.60	1.51	1.42	1.34	
42.23	39.75	37.41	35.21	33.14	31.20	29.36	27.64	26.01	24.48	23.04	21.69	20.41	19.21	18.09	17.02	16.02	15.08	14.19	13.36	12.57	11.84	11.14	10.49	9.87	9.29	8.74	8.23	7.75	7.29	6.86	6.46	6.08	5.72	5.39	5.07	4.77	4.49	4.23	3.98	3.74	3.52	3.32	3.12	2.94	2.77	2.60	2.45	2.31	2.17	2.04	1.92	1.81	1.70	1.60	1.51	1.42	1.34	

33.57	37.22	40.70	44.17	48.30	52.42	56.09	59.76	63.02	66.27	69.56	72.84	76.25	79.66	83.59	87.52	90.16	92.80	95.10	97.40	100.23	103.05	104.91	106.76	108.85	110.93	112.24	113.55	113.21	112.87	114.61	116.35	114.28	112.20	113.28	114.36	114.18	113.99	112.46	110.92	110.52	110.11	110.65	111.18	109.10	107.01	108.86	110.71	109.51	108.31	108.20	108.08	108.33	108.58	108.73	108.87	105.98	103.08	
35.85	39.20	41.85	46.11	51.62	55.53	58.35	63.95	68.26	73.46	76.18	80.21	84.89	88.99	96.27	98.82	101.43	106.38	112.05	113.69	116.97	123.14	124.05	126.46	128.87	132.33	133.82	136.64	137.36	138.88	139.95	140.27	141.26	143.66	143.60	144.21	144.00	142.43	144.28	144.16	144.43	141.74	142.90	138.42	138.06	140.37	137.28	134.98	135.35	133.98	135.26	133.01	133.68	132.27	130.38	132.93	127.93	127.60	
34.58	34.71	39.51	41.71	46.95	49.51	54.32	57.59	59.34	63.18	68.49	71.31	77.38	79.67	85.18	87.14	88.12	93.97	97.69	100.41	102.61	106.75	108.24	113.34	116.45	117.09	120.68	119.44	120.91	120.49	125.28	126.42	128.30	127.65	128.27	127.41	128.96	130.28	129.16	131.68	128.77	130.93	131.08	130.55	129.82	133.41	131.86	132.77	133.12	132.04	133.23	131.85	131.89	130.81	128.05	129.51	125.44	123.30	
17.02	19.60	22.00	25.40	28.11	31.62	35.78	38.04	42.07	45.49	49.03	54.52	58.73	59.39	62.93	66.74	70.53	74.64	76.50	79.14	82.94	86.21	86.01	87.39	90.44	91.93	94.03	94.36	95.68	94.95	98.06	100.29	101.14	101.28	103.54	103.16	104.58	106.71	107.11	108.76	112.69	113.29	113.48	111.82	114.59	114.76	114.01	115.79	113.33	115.00	116.92	116.79	114.66	109.50	108.03	103.53	100.17	91.45	
18.20	21.35	23.93	26.78	29.29	32.58	36.57	38.55	43.85	46.09	50.74	55.38	57.48	59.44	58.87	61.86	64.53	68.44	69.31	70.57	72.29	74.37	75.57	77.34	77.84	78.80	79.09	80.70	79.33	79.62	82.01	83.24	85.70	84.98	84.05	84.15	86.18	86.72	88.01	88.74	89.84	91.29	94.32	96.47	95.02	96.42	96.06	98.71	96.75	98.57	99.13	99.16	94.69	93.56	87.39	84.62	80.21	77.01	
7.56	9.10	13.49	13.05	15.38	18.90	19.97	24.26	28.83	32.48	35.50	36.86	40.77	40.41	41.11	43.93	46.15	50.59	52.89	57.00	57.57	53.26	57.24	60.42	61.62	63.99	65.12	65.16	65.22	65.39	66.53	68.06	69.17	71.35	73.03	72.23	71.30	72.81	78.34	82.64	83.94	87.86	88.09	87.69	88.00	88.79	89.37	90.99	93.50	94.75	92.97	95.73	92.61	87.19	82.28	79.68	76.66	71.75	
10.80	12.44	14.27	14.18	15.50	20.04	21.38	25.46	26.65	32.59	35.01	39.67	38.07	39.86	39.70	42.42	45.25	52.17	53.84	57.45	54.83	56.10	58.68	61.20	66.19	68.33	69.31	67.15	66.44	67.18	68.41	73.30	75.08	77.28	76.40	76.43	77.19	77.85	81.88	86.50	88.59	91.94	94.21	95.15	94.19	94.62	96.09	98.03	100.88	105.79	105.98	102.40	99.83	93.31	91.04	83.85	80.34	73.41	
10.80	12.44	14.27	14.18	15.50	20.04	21.38	25.46	26.65	32.59	35.01	39.67	38.07	39.86	39.70	42.42	45.25	52.17	53.84	57.45	54.83	56.10	58.68	61.20	66.19	68.33	69.31	67.15	66.44	67.18	68.41	73.30	75.08	77.28	76.40	76.43	77.19	77.85	81.88	86.50	88.59	91.94	94.21	95.15	94.19	94.62	96.09	98.03	100.88	105.79	105.98	102.40	99.83	93.31	91.04	83.85	80.34	73.41	
10.80	12.44	14.27	14.18	15.50	20.04	21.38	25.46	26.65	32.59	35.01	39.67	38.07	39.86	39.70	42.42	45.25	52.17	53.84	57.45	54.83	56.10	58.68	61.20	66.19	68.33	69.31	67.15	66.44	67.18	68.41	73.30	75.08	77.28	76.40	76.43	77.19	77.85	81.88	86.50	88.59	91.94	94.21	95.15	94.19	94.62	96.09	98.03	100.88	105.79	105.98	102.40	99.83	93.31	91.04	83.85	80.34	73.41	

0.00	0.00	0.00	0.00	0.00	0.00	0.00	0.00	0.03	0.06	0.22	0.38	0.50	0.61	0.53	0.44	0.55	0.66	0.73	0.80	0.57	0.34	0.17	0.00	0.02	0.04	0.11	0.17	0.13	0.09	0.09	0.09	0.14	0.18	0.41	0.63	0.80	0.97	1.52	2.07	2.97	3.87	4.42	4.97	7.17	9.36	13.11	16.86	22.63	28.39	33.62	38.84	42.56	46.28	47.71	49.13	49.45	49.76	
0.00	0.00	0.00	0.00	0.00	0.00	0.00	0.00	0.00	0.00	0.26	0.57	1.17	1.32	1.46	0.74	1.29	1.19	1.84	2.74	0.91	1.09	0.47	0.00	0.00	0.17	0.00	0.76	0.00	0.42	0.01	0.41	0.00	0.46	0.35	2.03	0.87	0.94	3.52	4.34	5.17	7.49	10.29	9.72	13.09	18.13	24.85	32.30	45.11	58.30	72.05	82.88	95.47	103.13	109.41	111.97	113.64	114.25	
0.00	0.00	0.00	0.00	0.00	0.00	0.00	0.00	0.00	0.00	0.32	0.72	1.47	1.66	1.84	0.93	1.62	1.50	2.32	3.44	1.15	1.37	0.60	0.00	0.00	0.22	0.00	0.95	0.00	0.53	0.01	0.51	0.00	0.57	0.44	2.55	1.10	1.19	4.42	5.46	6.51	9.42	12.95	12.22	16.46	22.80	31.26	40.64	56.74	73.35	90.63	104.27	120.10	129.74	137.64	140.85	142.96	143.72	
0.00	0.00	0.00	0.00	0.00	0.00	0.00	0.00	0.00	0.00	0.39	0.87	1.77	2.00	2.22	1.12	1.95	1.81	2.79	4.15	1.38	1.65	0.72	0.00	0.00	0.26	0.00	1.15	0.00	0.64	0.01	0.62	0.00	0.69	0.53	3.07	1.32	1.43	5.33	6.58	7.84	11.35	15.60	14.73	19.84	27.48	37.67	48.97	68.38	88.39	109.22	125.65	144.73	156.35	165.87	169.74	172.28	173.20	
1.00	2.26	1.76	2.04	0.09	0.15	0.71	0.00	0.00	0.30	0.00	0.00	0.43	0.00	0.37	0.00	1.01	2.26	3.87	0.47	0.00	0.52	0.00	0.27	0.91	2.21	1.11	0.68	0.00	0.00	0.00	0.00	0.00	0.00	0.00	0.00	0.00	0.00	0.56	2.44	3.22	5.96	6.42	8.80	11.18	15.17	19.60	27.75	35.68	45.72	62.31	78.14	99.34	111.10	127.87	128.46	142.40	146.00	
0.00	0.00	0.00	0.54	0.00	0.57	0.00	0.00	0.00	0.00	0.00	0.00	0.00	0.00	0.00	0.00	0.00	0.00	3.27	0.34	0.00	0.00	1.22	0.00	1.45	2.70	2.30	1.20	0.89	0.71	1.31	1.11	1.95	3.25	1.55	2.55	1.59	2.46	1.41	2.27	4.49	6.80	8.55	8.45	11.52	15.24	21.91	32.32	43.60	55.15	75.60	94.08	116.06	134.14	148.52	163.06	168.61	173.68	
2.72	2.44	0.97	3.21	0.92	2.53	1.49	1.28	0.21	0.00	1.63	0.00	0.33	0.77	0.00	0.58	1.89	2.48	5.07	3.41	1.47	0.74	0.02	0.00	1.96	4.51	1.87	0.00	0.00	0.00	0.00	0.00	0.21	0.13	0.00	0.00	0.00	0.00	0.00	2.67	5.49	4.98	5.96	6.12	7.75	10.81	16.92	22.28	35.27	46.18	62.95	80.83	97.40	112.86	128.54	134.48	141.67	138.06	
0.61	1.20	1.02	0.81	1.82	2.96	0.00	1.02	1.08	0.65	1.25	0.45	0.81	1.30	0.70	0.64	0.69	2.37	2.47	1.16	0.00	0.00	0.00	0.39	2.07	2.67	0.00	0.00	0.00	0.72	1.95	3.01	3.04	0.45	0.22	0.00	1.18	1.78	1.83	4.19	5.51	4.55	2.38	3.65	6.55	9.67	14.88	24.00	29.01	41.41	61.43	80.93	103.40	112.80	124.84	133.12	138.50	141.22	
0.66	0.00	0.55	0.00	0.87	3.24	1.77	2.81	1.07	0.00	0.00	0.00	0.00	0.40	0.00	0.00	1.24	2.97	0.00	0.00	0.00	0.00	0.00	4.08	5.18	4.22	0.00	0.00	0.00	0.00	0.00	3.85	1.90	0.00	0.00	0.00	0.00	0.00	3.37	8.36	5.11	1.93	2.34	4.39	5.60	9.73	10.68	19.76	29.18	36.96	53.28	66.34	78.09	84.94	105.75	110.31	112.20	107.69	

