$version
BLAH fly_sa version 9.5.4 serial
BLAH ../fly/fly_sa -i 4.0 -t -s bs -a 0.001 ggm1_001
$$

$comment
This file was generated by the matlab routine lohComputeTrajectores()
$$

$problem 
number_of_genes:            
 4
number_of_external_inputs:  
 3
gene_IDs:                   
 HKGN
external_gene_IDs:          
 BCT 
number_of_cell_divisions:   
 0 
numbers_of_nuclei_at_cycle_14:
58
diffusion_schedule:         
 A 
$$

$genotypes 
march90.bias  output  vdummy  hist  ext WWWW
$$

$input
promoter_strengths:           
 15           15       13.806           15
genetic_interconnect_matrix:  
 0.0122316	-0.00477891	0.0151754	-0.126102	
-0.0162445	0.00175124	-0.12368	-0.0109613	
-0.0424529	-0.155374	0.00706989	-0.00152652	
-0.0686443	0.00043425	-0.0149094	0.0127848	
  external_input_strengths:     
 0.0707221	0.0146777	0.00222081	
0.180306	0.0208569	0.00013899	
0.295774	0.0193719	-0.00579199	
0.0128892	0.0188466	-0.152227	
  maternal_connection_strengths:
 0  0  0  0
promoter_thresholds:          
 -2.5        -2.5        -2.5        -2.5
diffusion_parameter(s):       
 0  0  0  0
protein_half_lives:           
 9.46691      11.7822       10.484      12.5752
translational_transcriptional_delays:
 -999 -999 -999 -999
$$

$vdummy
8227	0	
8228	0	
8229	0	
8230	0	
8231	0	
8232	0	
8233	0	
8234	0	
8235	0	
8236	0	
8237	0	
8238	0	
8239	0	
8240	0	
8241	0	
8242	0	
8243	0	
8244	0	
8245	0	
8246	0	
8247	0	
8248	0	
8249	0	
8250	0	
8251	0	
8252	0	
8253	0	
8254	0	
8255	0	
8256	0	
8257	0	
8258	0	
8259	0	
8260	0	
8261	0	
8262	0	
8263	0	
8264	0	
8265	0	
8266	0	
8267	0	
8268	0	
8269	0	
8270	0	
8271	0	
8272	0	
8273	0	
8274	0	
8275	0	
8276	0	
8277	0	
8278	0	
8279	0	
8280	0	
8281	0	
8282	0	
8283	0	
8284	0	
$$

$hist
  lin   t        H       K       G       N
8227	0	0	0	0	0	
8228	0	0	0	0	0	
8229	0	0	0	0	0	
8230	0	0	0	0	0	
8231	0	0	0	0	0	
8232	0	0	0	0	0	
8233	0	0	0	0	0	
8234	0	0	0	0	0	
8235	0	0	0	0	0	
8236	0	0	0	0	0	
8237	0	0	0	0	0	
8238	0	0	0	0	0	
8239	0	0	0	0	0	
8240	0	0	0	0	0	
8241	0	0	0	0	0	
8242	0	0	0	0	0	
8243	0	0	0	0	0	
8244	0	0	0	0	0	
8245	0	0	0	0	0	
8246	0	0	0	0	0	
8247	0	0	0	0	0	
8248	0	0	0	0	0	
8249	0	0	0	0	0	
8250	0	0	0	0	0	
8251	0	0	0	0	0	
8252	0	0	0	0	0	
8253	0	0	0	0	0	
8254	0	0	0	0	0	
8255	0	0	0	0	0	
8256	0	0	0	0	0	
8257	0	0	0	0	0	
8258	0	0	0	0	0	
8259	0	0	0	0	0	
8260	0	0	0	0	0	
8261	0	0	0	0	0	
8262	0	0	0	0	0	
8263	0	0	0	0	0	
8264	0	0	0	0	0	
8265	0	0	0	0	0	
8266	0	0	0	0	0	
8267	0	0	0	0	0	
8268	0	0	0	0	0	
8269	0	0	0	0	0	
8270	0	0	0	0	0	
8271	0	0	0	0	0	
8272	0	0	0	0	0	
8273	0	0	0	0	0	
8274	0	0	0	0	0	
8275	0	0	0	0	0	
8276	0	0	0	0	0	
8277	0	0	0	0	0	
8278	0	0	0	0	0	
8279	0	0	0	0	0	
8280	0	0	0	0	0	
8281	0	0	0	0	0	
8282	0	0	0	0	0	
8283	0	0	0	0	0	
8284	0	0	0	0	0	
$$

$ext
  lin   t        B       C       T
8227       0  42.229   33.57       0
8228       0  39.747   37.22       0
8229       0  37.411    40.7       0
8230       0  35.213   44.17       0
8231       0  33.143    48.3       0
8232       0  31.195   52.42       0
8233       0  29.362   56.09       0
8234       0  27.636   59.76       0
8235       0  26.012   63.02    0.03
8236       0  24.483   66.27    0.06
8237       0  23.044   69.56    0.22
8238       0   21.69   72.84    0.38
8239       0  20.415   76.25     0.5
8240       0  19.215   79.66    0.61
8241       0  18.086   83.59    0.53
8242       0  17.023   87.52    0.44
8243       0  16.022   90.16    0.55
8244       0  15.081    92.8    0.66
8245       0  14.194    95.1    0.73
8246       0   13.36    97.4     0.8
8247       0  12.575  100.23    0.57
8248       0  11.836  103.05    0.34
8249       0   11.14  104.91    0.17
8250       0  10.486  106.76       0
8251       0  9.8693  108.85    0.02
8252       0  9.2893  110.93    0.04
8253       0  8.7433  112.24    0.11
8254       0  8.2294  113.55    0.17
8255       0  7.7458  113.21    0.13
8256       0  7.2905  112.87    0.09
8257       0  6.8621  114.61    0.09
8258       0  6.4588  116.35    0.09
8259       0  6.0792  114.28    0.14
8260       0  5.7219   112.2    0.18
8261       0  5.3856  113.28    0.41
8262       0  5.0691  114.36    0.63
8263       0  4.7712  114.18     0.8
8264       0  4.4907  113.99    0.97
8265       0  4.2268  112.46    1.52
8266       0  3.9784  110.92    2.07
8267       0  3.7446  110.52    2.97
8268       0  3.5245  110.11    3.87
8269       0  3.3174  110.65    4.42
8270       0  3.1224  111.18    4.97
8271       0  2.9389   109.1    7.17
8272       0  2.7661  107.01    9.36
8273       0  2.6036  108.86   13.11
8274       0  2.4506  110.71   16.86
8275       0  2.3065  109.51   22.63
8276       0   2.171  108.31   28.39
8277       0  2.0434   108.2   33.62
8278       0  1.9233  108.08   38.84
8279       0  1.8103  108.33   42.56
8280       0  1.7039  108.58   46.28
8281       0  1.6037  108.73   47.71
8282       0  1.5095  108.87   49.13
8283       0  1.4207  105.98   49.45
8284       0  1.3372  103.08   49.76

8227   3.125  42.229   35.85       0
8228   3.125  39.747    39.2       0
8229   3.125  37.411   41.85       0
8230   3.125  35.213   46.11       0
8231   3.125  33.143   51.62       0
8232   3.125  31.195   55.53       0
8233   3.125  29.362   58.35       0
8234   3.125  27.636   63.95       0
8235   3.125  26.012   68.26       0
8236   3.125  24.483   73.46       0
8237   3.125  23.044   76.18    0.26
8238   3.125   21.69   80.21    0.57
8239   3.125  20.415   84.89    1.17
8240   3.125  19.215   88.99    1.32
8241   3.125  18.086   96.27    1.46
8242   3.125  17.023   98.82    0.74
8243   3.125  16.022  101.43    1.29
8244   3.125  15.081  106.38    1.19
8245   3.125  14.194  112.05    1.84
8246   3.125   13.36  113.69    2.74
8247   3.125  12.575  116.97    0.91
8248   3.125  11.836  123.14    1.09
8249   3.125   11.14  124.05    0.47
8250   3.125  10.486  126.46       0
8251   3.125  9.8693  128.87       0
8252   3.125  9.2893  132.33    0.17
8253   3.125  8.7433  133.82       0
8254   3.125  8.2294  136.64    0.76
8255   3.125  7.7458  137.36       0
8256   3.125  7.2905  138.88    0.42
8257   3.125  6.8621  139.95    0.01
8258   3.125  6.4588  140.27    0.41
8259   3.125  6.0792  141.26       0
8260   3.125  5.7219  143.66    0.46
8261   3.125  5.3856   143.6    0.35
8262   3.125  5.0691  144.21    2.03
8263   3.125  4.7712     144    0.87
8264   3.125  4.4907  142.43    0.94
8265   3.125  4.2268  144.28    3.52
8266   3.125  3.9784  144.16    4.34
8267   3.125  3.7446  144.43    5.17
8268   3.125  3.5245  141.74    7.49
8269   3.125  3.3174   142.9   10.29
8270   3.125  3.1224  138.42    9.72
8271   3.125  2.9389  138.06   13.09
8272   3.125  2.7661  140.37   18.13
8273   3.125  2.6036  137.28   24.85
8274   3.125  2.4506  134.98    32.3
8275   3.125  2.3065  135.35   45.11
8276   3.125   2.171  133.98    58.3
8277   3.125  2.0434  135.26   72.05
8278   3.125  1.9233  133.01   82.88
8279   3.125  1.8103  133.68   95.47
8280   3.125  1.7039  132.27  103.13
8281   3.125  1.6037  130.38  109.41
8282   3.125  1.5095  132.93  111.97
8283   3.125  1.4207  127.93  113.64
8284   3.125  1.3372   127.6  114.25

8227   9.375  42.229   34.58       0
8228   9.375  39.747   34.71       0
8229   9.375  37.411   39.51       0
8230   9.375  35.213   41.71       0
8231   9.375  33.143   46.95       0
8232   9.375  31.195   49.51       0
8233   9.375  29.362   54.32       0
8234   9.375  27.636   57.59       0
8235   9.375  26.012   59.34       0
8236   9.375  24.483   63.18       0
8237   9.375  23.044   68.49    0.32
8238   9.375   21.69   71.31    0.72
8239   9.375  20.415   77.38    1.47
8240   9.375  19.215   79.67    1.66
8241   9.375  18.086   85.18    1.84
8242   9.375  17.023   87.14    0.93
8243   9.375  16.022   88.12    1.62
8244   9.375  15.081   93.97     1.5
8245   9.375  14.194   97.69    2.32
8246   9.375   13.36  100.41    3.44
8247   9.375  12.575  102.61    1.15
8248   9.375  11.836  106.75    1.37
8249   9.375   11.14  108.24     0.6
8250   9.375  10.486  113.34       0
8251   9.375  9.8693  116.45       0
8252   9.375  9.2893  117.09    0.22
8253   9.375  8.7433  120.68       0
8254   9.375  8.2294  119.44    0.95
8255   9.375  7.7458  120.91       0
8256   9.375  7.2905  120.49    0.53
8257   9.375  6.8621  125.28    0.01
8258   9.375  6.4588  126.42    0.51
8259   9.375  6.0792   128.3       0
8260   9.375  5.7219  127.65    0.57
8261   9.375  5.3856  128.27    0.44
8262   9.375  5.0691  127.41    2.55
8263   9.375  4.7712  128.96     1.1
8264   9.375  4.4907  130.28    1.19
8265   9.375  4.2268  129.16    4.42
8266   9.375  3.9784  131.68    5.46
8267   9.375  3.7446  128.77    6.51
8268   9.375  3.5245  130.93    9.42
8269   9.375  3.3174  131.08   12.95
8270   9.375  3.1224  130.55   12.22
8271   9.375  2.9389  129.82   16.46
8272   9.375  2.7661  133.41    22.8
8273   9.375  2.6036  131.86   31.26
8274   9.375  2.4506  132.77   40.64
8275   9.375  2.3065  133.12   56.74
8276   9.375   2.171  132.04   73.35
8277   9.375  2.0434  133.23   90.63
8278   9.375  1.9233  131.85  104.27
8279   9.375  1.8103  131.89   120.1
8280   9.375  1.7039  130.81  129.74
8281   9.375  1.6037  128.05  137.64
8282   9.375  1.5095  129.51  140.85
8283   9.375  1.4207  125.44  142.96
8284   9.375  1.3372   123.3  143.72

8227  15.625  42.229   17.02       0
8228  15.625  39.747    19.6       0
8229  15.625  37.411      22       0
8230  15.625  35.213    25.4       0
8231  15.625  33.143   28.11       0
8232  15.625  31.195   31.62       0
8233  15.625  29.362   35.78       0
8234  15.625  27.636   38.04       0
8235  15.625  26.012   42.07       0
8236  15.625  24.483   45.49       0
8237  15.625  23.044   49.03    0.39
8238  15.625   21.69   54.52    0.87
8239  15.625  20.415   58.73    1.77
8240  15.625  19.215   59.39       2
8241  15.625  18.086   62.93    2.22
8242  15.625  17.023   66.74    1.12
8243  15.625  16.022   70.53    1.95
8244  15.625  15.081   74.64    1.81
8245  15.625  14.194    76.5    2.79
8246  15.625   13.36   79.14    4.15
8247  15.625  12.575   82.94    1.38
8248  15.625  11.836   86.21    1.65
8249  15.625   11.14   86.01    0.72
8250  15.625  10.486   87.39       0
8251  15.625  9.8693   90.44       0
8252  15.625  9.2893   91.93    0.26
8253  15.625  8.7433   94.03       0
8254  15.625  8.2294   94.36    1.15
8255  15.625  7.7458   95.68       0
8256  15.625  7.2905   94.95    0.64
8257  15.625  6.8621   98.06    0.01
8258  15.625  6.4588  100.29    0.62
8259  15.625  6.0792  101.14       0
8260  15.625  5.7219  101.28    0.69
8261  15.625  5.3856  103.54    0.53
8262  15.625  5.0691  103.16    3.07
8263  15.625  4.7712  104.58    1.32
8264  15.625  4.4907  106.71    1.43
8265  15.625  4.2268  107.11    5.33
8266  15.625  3.9784  108.76    6.58
8267  15.625  3.7446  112.69    7.84
8268  15.625  3.5245  113.29   11.35
8269  15.625  3.3174  113.48    15.6
8270  15.625  3.1224  111.82   14.73
8271  15.625  2.9389  114.59   19.84
8272  15.625  2.7661  114.76   27.48
8273  15.625  2.6036  114.01   37.67
8274  15.625  2.4506  115.79   48.97
8275  15.625  2.3065  113.33   68.38
8276  15.625   2.171     115   88.39
8277  15.625  2.0434  116.92  109.22
8278  15.625  1.9233  116.79  125.65
8279  15.625  1.8103  114.66  144.73
8280  15.625  1.7039   109.5  156.35
8281  15.625  1.6037  108.03  165.87
8282  15.625  1.5095  103.53  169.74
8283  15.625  1.4207  100.17  172.28
8284  15.625  1.3372   91.45   173.2

8227  21.875  42.229    18.2       1
8228  21.875  39.747   21.35    2.26
8229  21.875  37.411   23.93    1.76
8230  21.875  35.213   26.78    2.04
8231  21.875  33.143   29.29    0.09
8232  21.875  31.195   32.58    0.15
8233  21.875  29.362   36.57    0.71
8234  21.875  27.636   38.55       0
8235  21.875  26.012   43.85       0
8236  21.875  24.483   46.09     0.3
8237  21.875  23.044   50.74       0
8238  21.875   21.69   55.38       0
8239  21.875  20.415   57.48    0.43
8240  21.875  19.215   59.44       0
8241  21.875  18.086   58.87    0.37
8242  21.875  17.023   61.86       0
8243  21.875  16.022   64.53    1.01
8244  21.875  15.081   68.44    2.26
8245  21.875  14.194   69.31    3.87
8246  21.875   13.36   70.57    0.47
8247  21.875  12.575   72.29       0
8248  21.875  11.836   74.37    0.52
8249  21.875   11.14   75.57       0
8250  21.875  10.486   77.34    0.27
8251  21.875  9.8693   77.84    0.91
8252  21.875  9.2893    78.8    2.21
8253  21.875  8.7433   79.09    1.11
8254  21.875  8.2294    80.7    0.68
8255  21.875  7.7458   79.33       0
8256  21.875  7.2905   79.62       0
8257  21.875  6.8621   82.01       0
8258  21.875  6.4588   83.24       0
8259  21.875  6.0792    85.7       0
8260  21.875  5.7219   84.98       0
8261  21.875  5.3856   84.05       0
8262  21.875  5.0691   84.15       0
8263  21.875  4.7712   86.18       0
8264  21.875  4.4907   86.72       0
8265  21.875  4.2268   88.01    0.56
8266  21.875  3.9784   88.74    2.44
8267  21.875  3.7446   89.84    3.22
8268  21.875  3.5245   91.29    5.96
8269  21.875  3.3174   94.32    6.42
8270  21.875  3.1224   96.47     8.8
8271  21.875  2.9389   95.02   11.18
8272  21.875  2.7661   96.42   15.17
8273  21.875  2.6036   96.06    19.6
8274  21.875  2.4506   98.71   27.75
8275  21.875  2.3065   96.75   35.68
8276  21.875   2.171   98.57   45.72
8277  21.875  2.0434   99.13   62.31
8278  21.875  1.9233   99.16   78.14
8279  21.875  1.8103   94.69   99.34
8280  21.875  1.7039   93.56   111.1
8281  21.875  1.6037   87.39  127.87
8282  21.875  1.5095   84.62  128.46
8283  21.875  1.4207   80.21   142.4
8284  21.875  1.3372   77.01     146

8227  28.125  42.229    7.56       0
8228  28.125  39.747     9.1       0
8229  28.125  37.411   13.49       0
8230  28.125  35.213   13.05    0.54
8231  28.125  33.143   15.38       0
8232  28.125  31.195    18.9    0.57
8233  28.125  29.362   19.97       0
8234  28.125  27.636   24.26       0
8235  28.125  26.012   28.83       0
8236  28.125  24.483   32.48       0
8237  28.125  23.044    35.5       0
8238  28.125   21.69   36.86       0
8239  28.125  20.415   40.77       0
8240  28.125  19.215   40.41       0
8241  28.125  18.086   41.11       0
8242  28.125  17.023   43.93       0
8243  28.125  16.022   46.15       0
8244  28.125  15.081   50.59       0
8245  28.125  14.194   52.89    3.27
8246  28.125   13.36      57    0.34
8247  28.125  12.575   57.57       0
8248  28.125  11.836   53.26       0
8249  28.125   11.14   57.24    1.22
8250  28.125  10.486   60.42       0
8251  28.125  9.8693   61.62    1.45
8252  28.125  9.2893   63.99     2.7
8253  28.125  8.7433   65.12     2.3
8254  28.125  8.2294   65.16     1.2
8255  28.125  7.7458   65.22    0.89
8256  28.125  7.2905   65.39    0.71
8257  28.125  6.8621   66.53    1.31
8258  28.125  6.4588   68.06    1.11
8259  28.125  6.0792   69.17    1.95
8260  28.125  5.7219   71.35    3.25
8261  28.125  5.3856   73.03    1.55
8262  28.125  5.0691   72.23    2.55
8263  28.125  4.7712    71.3    1.59
8264  28.125  4.4907   72.81    2.46
8265  28.125  4.2268   78.34    1.41
8266  28.125  3.9784   82.64    2.27
8267  28.125  3.7446   83.94    4.49
8268  28.125  3.5245   87.86     6.8
8269  28.125  3.3174   88.09    8.55
8270  28.125  3.1224   87.69    8.45
8271  28.125  2.9389      88   11.52
8272  28.125  2.7661   88.79   15.24
8273  28.125  2.6036   89.37   21.91
8274  28.125  2.4506   90.99   32.32
8275  28.125  2.3065    93.5    43.6
8276  28.125   2.171   94.75   55.15
8277  28.125  2.0434   92.97    75.6
8278  28.125  1.9233   95.73   94.08
8279  28.125  1.8103   92.61  116.06
8280  28.125  1.7039   87.19  134.14
8281  28.125  1.6037   82.28  148.52
8282  28.125  1.5095   79.68  163.06
8283  28.125  1.4207   76.66  168.61
8284  28.125  1.3372   71.75  173.68

8227  34.375  42.229    10.8    2.72
8228  34.375  39.747   12.44    2.44
8229  34.375  37.411   14.27    0.97
8230  34.375  35.213   14.18    3.21
8231  34.375  33.143    15.5    0.92
8232  34.375  31.195   20.04    2.53
8233  34.375  29.362   21.38    1.49
8234  34.375  27.636   25.46    1.28
8235  34.375  26.012   26.65    0.21
8236  34.375  24.483   32.59       0
8237  34.375  23.044   35.01    1.63
8238  34.375   21.69   39.67       0
8239  34.375  20.415   38.07    0.33
8240  34.375  19.215   39.86    0.77
8241  34.375  18.086    39.7       0
8242  34.375  17.023   42.42    0.58
8243  34.375  16.022   45.25    1.89
8244  34.375  15.081   52.17    2.48
8245  34.375  14.194   53.84    5.07
8246  34.375   13.36   57.45    3.41
8247  34.375  12.575   54.83    1.47
8248  34.375  11.836    56.1    0.74
8249  34.375   11.14   58.68    0.02
8250  34.375  10.486    61.2       0
8251  34.375  9.8693   66.19    1.96
8252  34.375  9.2893   68.33    4.51
8253  34.375  8.7433   69.31    1.87
8254  34.375  8.2294   67.15       0
8255  34.375  7.7458   66.44       0
8256  34.375  7.2905   67.18       0
8257  34.375  6.8621   68.41       0
8258  34.375  6.4588    73.3       0
8259  34.375  6.0792   75.08    0.21
8260  34.375  5.7219   77.28    0.13
8261  34.375  5.3856    76.4       0
8262  34.375  5.0691   76.43       0
8263  34.375  4.7712   77.19       0
8264  34.375  4.4907   77.85       0
8265  34.375  4.2268   81.88       0
8266  34.375  3.9784    86.5    2.67
8267  34.375  3.7446   88.59    5.49
8268  34.375  3.5245   91.94    4.98
8269  34.375  3.3174   94.21    5.96
8270  34.375  3.1224   95.15    6.12
8271  34.375  2.9389   94.19    7.75
8272  34.375  2.7661   94.62   10.81
8273  34.375  2.6036   96.09   16.92
8274  34.375  2.4506   98.03   22.28
8275  34.375  2.3065  100.88   35.27
8276  34.375   2.171  105.79   46.18
8277  34.375  2.0434  105.98   62.95
8278  34.375  1.9233   102.4   80.83
8279  34.375  1.8103   99.83    97.4
8280  34.375  1.7039   93.31  112.86
8281  34.375  1.6037   91.04  128.54
8282  34.375  1.5095   83.85  134.48
8283  34.375  1.4207   80.34  141.67
8284  34.375  1.3372   73.41  138.06

8227  40.625  42.229    10.8    0.61
8228  40.625  39.747   12.44     1.2
8229  40.625  37.411   14.27    1.02
8230  40.625  35.213   14.18    0.81
8231  40.625  33.143    15.5    1.82
8232  40.625  31.195   20.04    2.96
8233  40.625  29.362   21.38       0
8234  40.625  27.636   25.46    1.02
8235  40.625  26.012   26.65    1.08
8236  40.625  24.483   32.59    0.65
8237  40.625  23.044   35.01    1.25
8238  40.625   21.69   39.67    0.45
8239  40.625  20.415   38.07    0.81
8240  40.625  19.215   39.86     1.3
8241  40.625  18.086    39.7     0.7
8242  40.625  17.023   42.42    0.64
8243  40.625  16.022   45.25    0.69
8244  40.625  15.081   52.17    2.37
8245  40.625  14.194   53.84    2.47
8246  40.625   13.36   57.45    1.16
8247  40.625  12.575   54.83       0
8248  40.625  11.836    56.1       0
8249  40.625   11.14   58.68       0
8250  40.625  10.486    61.2    0.39
8251  40.625  9.8693   66.19    2.07
8252  40.625  9.2893   68.33    2.67
8253  40.625  8.7433   69.31       0
8254  40.625  8.2294   67.15       0
8255  40.625  7.7458   66.44       0
8256  40.625  7.2905   67.18    0.72
8257  40.625  6.8621   68.41    1.95
8258  40.625  6.4588    73.3    3.01
8259  40.625  6.0792   75.08    3.04
8260  40.625  5.7219   77.28    0.45
8261  40.625  5.3856    76.4    0.22
8262  40.625  5.0691   76.43       0
8263  40.625  4.7712   77.19    1.18
8264  40.625  4.4907   77.85    1.78
8265  40.625  4.2268   81.88    1.83
8266  40.625  3.9784    86.5    4.19
8267  40.625  3.7446   88.59    5.51
8268  40.625  3.5245   91.94    4.55
8269  40.625  3.3174   94.21    2.38
8270  40.625  3.1224   95.15    3.65
8271  40.625  2.9389   94.19    6.55
8272  40.625  2.7661   94.62    9.67
8273  40.625  2.6036   96.09   14.88
8274  40.625  2.4506   98.03      24
8275  40.625  2.3065  100.88   29.01
8276  40.625   2.171  105.79   41.41
8277  40.625  2.0434  105.98   61.43
8278  40.625  1.9233   102.4   80.93
8279  40.625  1.8103   99.83   103.4
8280  40.625  1.7039   93.31   112.8
8281  40.625  1.6037   91.04  124.84
8282  40.625  1.5095   83.85  133.12
8283  40.625  1.4207   80.34   138.5
8284  40.625  1.3372   73.41  141.22

8227  46.875  42.229    10.8    0.66
8228  46.875  39.747   12.44       0
8229  46.875  37.411   14.27    0.55
8230  46.875  35.213   14.18       0
8231  46.875  33.143    15.5    0.87
8232  46.875  31.195   20.04    3.24
8233  46.875  29.362   21.38    1.77
8234  46.875  27.636   25.46    2.81
8235  46.875  26.012   26.65    1.07
8236  46.875  24.483   32.59       0
8237  46.875  23.044   35.01       0
8238  46.875   21.69   39.67       0
8239  46.875  20.415   38.07       0
8240  46.875  19.215   39.86     0.4
8241  46.875  18.086    39.7       0
8242  46.875  17.023   42.42       0
8243  46.875  16.022   45.25    1.24
8244  46.875  15.081   52.17    2.97
8245  46.875  14.194   53.84       0
8246  46.875   13.36   57.45       0
8247  46.875  12.575   54.83       0
8248  46.875  11.836    56.1       0
8249  46.875   11.14   58.68       0
8250  46.875  10.486    61.2    4.08
8251  46.875  9.8693   66.19    5.18
8252  46.875  9.2893   68.33    4.22
8253  46.875  8.7433   69.31       0
8254  46.875  8.2294   67.15       0
8255  46.875  7.7458   66.44       0
8256  46.875  7.2905   67.18       0
8257  46.875  6.8621   68.41       0
8258  46.875  6.4588    73.3    3.85
8259  46.875  6.0792   75.08     1.9
8260  46.875  5.7219   77.28       0
8261  46.875  5.3856    76.4       0
8262  46.875  5.0691   76.43       0
8263  46.875  4.7712   77.19       0
8264  46.875  4.4907   77.85       0
8265  46.875  4.2268   81.88    3.37
8266  46.875  3.9784    86.5    8.36
8267  46.875  3.7446   88.59    5.11
8268  46.875  3.5245   91.94    1.93
8269  46.875  3.3174   94.21    2.34
8270  46.875  3.1224   95.15    4.39
8271  46.875  2.9389   94.19     5.6
8272  46.875  2.7661   94.62    9.73
8273  46.875  2.6036   96.09   10.68
8274  46.875  2.4506   98.03   19.76
8275  46.875  2.3065  100.88   29.18
8276  46.875   2.171  105.79   36.96
8277  46.875  2.0434  105.98   53.28
8278  46.875  1.9233   102.4   66.34
8279  46.875  1.8103   99.83   78.09
8280  46.875  1.7039   93.31   84.94
8281  46.875  1.6037   91.04  105.75
8282  46.875  1.5095   83.85  110.31
8283  46.875  1.4207   80.34   112.2
8284  46.875  1.3372   73.41  107.69

$$

$march90.bias
8227	0	89.95	10.15	20.76	3.22	
8228	0	88.49	11.02	19.59	3.5	
8229	0	86.03	11.97	18	2.66	
8230	0	83.57	12.91	16.41	1.82	
8231	0	80.78	13.99	14.56	2.58	
8232	0	77.98	15.07	12.7	3.34	
8233	0	74.73	16.39	10.8	3.82	
8234	0	71.47	17.71	8.9	4.29	
8235	0	66.63	19.17	7.81	4.17	
8236	0	61.79	20.62	6.72	4.04	
8237	0	57.15	22.14	6.33	4.15	
8238	0	52.51	23.65	5.93	4.26	
8239	0	46.93	25.17	5.65	4.72	
8240	0	41.35	26.69	5.37	5.17	
8241	0	36.37	27.44	5.21	6.51	
8242	0	31.39	28.18	5.04	7.84	
8243	0	27.35	28.74	5.25	8.79	
8244	0	23.31	29.3	5.45	9.73	
8245	0	20.46	29.64	5.6	11.77	
8246	0	17.61	29.98	5.74	13.8	
8247	0	15.42	29.14	5.96	16.56	
8248	0	13.22	28.3	6.17	19.32	
8249	0	11.22	27.03	6.07	23.28	
8250	0	9.21	25.75	5.96	27.23	
8251	0	7.83	24.45	6.23	31.68	
8252	0	6.44	23.15	6.49	36.12	
8253	0	5.55	21.16	6.97	40.63	
8254	0	4.66	19.17	7.44	45.14	
8255	0	3.86	17.78	7.63	48.68	
8256	0	3.06	16.39	7.82	52.21	
8257	0	2.51	15.4	8.69	51.43	
8258	0	1.96	14.4	9.56	50.64	
8259	0	1.5	13.03	10.73	49.71	
8260	0	1.03	11.65	11.9	48.77	
8261	0	0.81	10.45	11.99	48.88	
8262	0	0.59	9.24	12.07	48.99	
8263	0	0.39	8.5	13.32	44.29	
8264	0	0.18	7.75	14.57	39.59	
8265	0	0.09	6.88	14.65	36.42	
8266	0	0	6	14.72	33.25	
8267	0	0	5.51	16.28	29.07	
8268	0	0	5.02	17.84	24.88	
8269	0	0	4.67	19.28	22.91	
8270	0	0	4.31	20.72	20.94	
8271	0	0	3.68	21.68	17.84	
8272	0	0	3.05	22.64	14.73	
8273	0	0	2.86	22.75	14.28	
8274	0	0	2.67	22.86	13.83	
8275	0	0	2.52	23.3	13.6	
8276	0	0	2.36	23.73	13.37	
8277	0	0	2.35	24.63	14.19	
8278	0	0	2.34	25.53	15	
8279	0	0.31	2.52	25.38	15.69	
8280	0	0.61	2.7	25.23	16.38	
8281	0	0.9	2.94	25.37	15.76	
8282	0	1.19	3.18	25.51	15.13	
8283	0	1.48	3.12	25.48	14.51	
8284	0	1.76	3.05	25.45	13.89	
$$

